points: [(0.22066905220128952, -1.9150302825658443), (-7.080889145902445, 0.8525287852300565), (7.132811631628371, -2.4983886454671005),
(-1.8226103706310166, 1.0743296744948179), (-4.546261156452092, -0.23106772834539946), (5.822443484305289, -7.095304544254684)]

adjancency matrix:[
[0.0, 7.808465618419228, 6.936715506484009, 3.6209479080273503, 5.055625925460547, 7.629883237277615],
[7.808465618419228, 0.0, 14.60335363608408, 5.262954618173011, 2.7565413926037867, 15.154670817904695],
[6.936715506484009, 14.60335363608408, 0.0, 9.64177885207616, 11.897120884083643, 4.7800314289808785],
[3.6209479080273503, 5.262954618173011, 9.64177885207616, 0.0, 3.0203205098872776, 11.188823517825243],
[5.055625925460547, 2.7565413926037867, 11.897120884083643, 3.0203205098872776, 0.0, 12.434942018045282],
[7.629883237277615, 15.154670817904695, 4.7800314289808785, 11.188823517825243, 12.434942018045282, 0.0]
]

epsilon =  1.2609363520143115

EXACT MST:
Edge 	Weight
4 - 1 	 2.7565413926037867
0 - 2 	 6.936715506484009
0 - 3 	 3.6209479080273503
3 - 4 	 3.0203205098872776
2 - 5 	 4.7800314289808785
weight:  21.1145567459833

APPROX MST
Edge 	Weight
0 - 1 	 7.808465618419228
5 - 2 	 4.7800314289808785
0 - 3 	 3.6209479080273503
1 - 4 	 2.7565413926037867
0 - 5 	 7.629883237277615
weight:  26.595869585308858

weight ratio:  1.259598764268082

Removed edge  1
components after removal  [[0, 3, 5, 2], [1, 4]]
exactSLCCost:  6.936715506484009 approxSLCCost:  3.0203205098872776 ratio:  2.2966819196095503